0.565396976999
0.58933376506
0.579184543376
0.584683900501
0.569936464284
0.668829271977
0.654839521741
0.675195930242
0.65497554182
0.602976466201
0.639079042718
0.589968497876
0.536414870305
0.557905530638
0.601914802756
0.566295336569
0.609861384067
0.576775164712
0.534127329043
0.595467127817
0.614308147787
0.603054979495
0.669681061222
0.612458462312
0.562186117559
0.575126178468
0.659692477882
0.629262293591
0.570523305459
0.595203126979
0.591475104504
0.585986472732
0.5860620785
0.557660454664
0.61825568037
0.659038445379
0.647511614814
0.603553413917
0.574475626909
0.600388573445
0.555452664822
0.583305504593
0.619579573697
0.567538053434
0.590322384131
0.544033002603
0.600560417116
0.633041024118
0.649733192965
0.607280760879
0.618260509537
0.602659785121
0.614971190164
0.551378084724
0.597957312681
0.605711000883
0.56825785679
0.613838849385
0.630734371719
0.552976001629
0.599038993618
0.55980148645
0.541946863352
0.548098091736
0.643193134588
0.596665553288
0.657399802284
0.602852488049
0.61443079783
0.663648573987
0.639482177631
0.600886748328
0.617870093553
0.517964523471
0.505762334025
0.659975261369
0.603421376676
0.525332117686
0.572912331576
0.616673356694
0.612285507915
0.55378855332
0.625050829905
0.661063298125
0.619140084656
0.667186884337
0.613826810946
0.643003197164
0.538019934652
0.685031186125
0.5960480415
0.667638724163
0.628321301411
0.597069413839
0.56216751884
0.592958088129
0.605698879797
0.612274632177
0.600446417242
0.618827324552
0.661750408108
0.591795989822
0.627492036073
0.601396317461
0.574007636744
0.609022661602
0.533762329703
0.593848009491
0.67052117048
0.649818669305
0.678400175968
0.624903406586
0.597175975469
0.557565267303
0.623419481564
0.675477348059
0.623989484669
0.56808972456
0.697135280347
0.606704267019
0.66882202344
0.614852922736
0.594335010376
0.560520040415
0.567230620854
0.618509984687
0.625380752263
0.569869427039
0.613721733476
0.594088010683
0.671700566899
0.636556221731
0.628945142465
0.624676961692
0.614540649569
0.597922106345
0.605913971352
0.596315827756
0.64575505274
0.63616848917
0.563965922302
0.653036489164
0.592438189349
0.573785712179
0.63306207749
0.615404341228
0.601396317461
0.563223334033
0.633174213528
0.635327438991
0.593276145282
0.60331079322
0.593364747707
0.546842639964
0.535719138923
0.609547299372
0.638637445736
0.602917310095
0.664843747672
0.553053328714
0.611432313829
0.604145146759
0.633209810375
0.621734393224
0.603294010051
0.565442294604
0.639691824057
0.566744199056
0.630618215066
0.643455059224
0.622397863972
0.635637074465
0.575402259845
0.606098360026
0.550753200831
0.609658384971
0.568388054923
0.638332363426
0.576884337303
0.613141108113
0.47708202723
0.626131244726
0.61699565726
0.641657292741
0.621697906958
0.686632112853
0.575155771211
0.665829213379
0.60114262339
0.579913073503
0.645755402824
0.571314992891
0.635815695779
0.568310911925
0.67189321628
0.550023522267
0.580159889354
0.626537452549
0.555494395231
0.564059178859
0.648261782736
0.569871388852
0.615080139079
0.625063155463
0.63863955378
0.569871388852
0.640763881768
0.529336237064
0.60803491447
0.541618186847
0.659591994443
0.606144208252
0.606055775404
0.588441347074
0.565029125334
0.611964549439
0.639526534417
0.611459954055
0.664819737343
0.664203687977
0.630029400598
0.58784648474
0.559075321269
0.639079042718
0.64643364607
0.676871430515
0.567124492032
0.593125788997
0.588357398818
0.668720729567
0.658580492483
0.582798963653
0.602050478312
0.69498783651
0.63017821697
0.569124322339
0.615316075972
0.598711596724
0.636932146264
0.658324494037
0.538065314698
0.542028962147
0.614990826689
0.611044030482
0.639137130581
0.671106429043
0.62562045154
0.533169588104
0.637293640563
0.616313391466
0.604671743824
0.631350435381
0.600982539092
0.678033214304
0.667121550361
0.634309746438
0.617294790282
0.602463870839
0.621969885941
0.569432769242
0.587743972906
0.622841659167
0.579486286057
0.585800255228
0.658379156584
0.628578871122
0.635264057549
0.64141275897
0.598399373067
0.664953880645
0.611865167923
0.662648994827
0.60180153621
0.594075605947
0.610018802915
0.604880069936
0.650845824767
0.615239712269
0.615516063719
0.574001246054
0.679093802181
0.597723170019
0.610876085912
0.654829264465
0.573261028102
0.54230236415
0.551843300185
0.56311256727
0.594630078984
0.594103086304
0.640664282218
0.67862692825
0.589186400355
0.601825121223
0.535822642158
0.625587778238
0.574870031737
0.591583534601
0.607490032246
0.574586015204
0.641868559225
0.572030581033
0.584918776976
0.620039132037
0.611787563272
0.631702859138
0.524969115037
0.610012719652
0.62008709294
0.628362510033
0.587345550973
0.551594683552
0.622073997234
0.598178372462
0.637748868784
0.632975108783
0.5806760346
0.639546104298
0.593007648351
0.634225156955
0.622076456027
0.605329819974
0.62870792865
0.546071414169
0.623619437364
0.546611779523
0.561787396954
0.588859733168
0.632341471571
0.603017337744
0.534598774451
0.625480797825
0.641731123992
0.613930581594
0.622585301334
0.583051521465
0.564713186981
0.563149482637
0.542791088396
0.633287176472
0.633889017904
0.595746978322
0.588766853637
0.619025659257
0.675483358859
0.640130301998
0.507247661585
0.621889857086
0.613607592194
0.694016000321
0.544567925327
0.588321300916
0.616189930525
0.640537366071
0.608678921949
0.627955804411
0.543772263309
0.600502489295
0.630982128617
0.582151880046
0.645991890546
0.586662442129
0.651290403536
0.576331567395
0.647867073062
0.602852488049
0.600637118811
0.552560408628
0.577677042206
0.60699046637
0.577324441778
0.646115820555
0.595821871998
0.543297096874
0.588777054719
0.67862692825
0.556318588725
0.618520309007
0.579700502962
0.678400175968
0.577631268469
0.56962505185
0.667893918389
0.609555577774
0.598063110784
0.680140915895
0.601274699354
0.65867496333
0.618081639687
0.617373045956
0.620851011367
0.592029766176
0.612553655008
0.615198435519
0.583198021146
0.652948275356
0.675935532557
0.622841659167
0.567117221245
0.604893850142
0.60182318462
0.665329863537
0.61282758212
0.593578115847
0.616266160008
0.585273568972
0.602526146874
0.602920248098
0.624151265359
0.637897687061
0.647214361189
0.591383083398
0.659692477882
0.638490893292
0.69670286345
0.598750460794
0.605388671816
0.549524757522
0.576925839535
0.564513605146
0.55740296609
0.627312013561
0.540575584171
0.617016839042
0.601236195221
0.615761390942
0.583054010674
0.562135243881
0.607136281034
0.584166207851
0.525195642119
0.5815477427
0.684042262973
0.642058582136
0.594408534033
0.648244256765
0.654108559196
0.629787194816
0.573709379707
0.714774367923
0.659746757184
0.580192218023
0.593498045616
0.563745609139
0.561660110009
0.607280760879
0.634068793198
0.583892946499
0.601478605846
0.634030361021
0.535866597444
0.651042193449
0.562135243881
0.584676834323
0.592346900916
0.671669650917
0.647127190214
0.595020933706
0.61622484383
0.606231941963
0.576015098894
0.60282084161
0.677031605238
0.627365332689
0.604857282901
0.599365956831
0.599202816145
0.608005070398
0.654506179901
0.617967795325
0.684708253381
0.690964903809
0.619091837469
0.589898737857
0.604265043296
0.56238733982
0.595131334067
0.628550298964
0.641660046743
0.576588097928
0.597463145565
0.616992978341
0.600318901297
0.570426027017
0.619627327048
0.633165368786
0.627333503672
0.557447233442
0.585971839488
0.597169265827
0.638018271167
0.642111556356
0.614462450376
0.633557287227
0.609086781683
0.535008746167
0.656268259572
0.608600544076
0.581807301171
0.589905663258
0.563994595644
0.595559421118
0.632914330877
0.582596817444
0.637125809717
0.636220854957
0.61052690207
0.633599384734
0.543919866174
0.599361715987
0.608250768715
0.593126684275
0.602852488049
0.588766853637
0.578216653297
0.627446533144
0.57453898461
0.623745619901
0.683541978043
0.591040791848
0.59096581715
0.658191034236
0.624659108494
0.613907049309
0.667595254435
0.5648234896
0.595499218881
0.677360947743
0.603564759168
0.568889375696
0.581160103392
0.622284679934
0.596866069173
0.585157325282
0.568410018353
0.626302000142
0.622225810498
0.602920248098
0.641524328075
0.544485458283
0.629015535344
0.598395965233
0.613148141645
0.574716033737
0.565113241018
0.614701102393
0.571297988852
0.690815162179
0.567469089884
0.663619536624
0.636193184873
0.613769976229
0.603174041448
0.642208120804
0.487334766445
0.594855463803
0.567801980141
0.658412308525
0.609229486877
0.595821871998
0.613441183363
0.56447039954
0.480734282998
0.523662445798
0.64802075858
0.583505029968
0.629430538153
0.628817708079
0.586660618591
0.654085845569
0.625161137495
0.655186917045
0.613957821756
0.581387278946
0.612553655008
0.597907152738
0.604869041805
0.631902913054
0.618047208215
0.573128906403
0.602000478198
0.61254715259
0.636744394525
0.597881327117
0.609390719388
0.597615835114
0.610499003498
0.644116806585
0.584886194012
0.638399183292
0.612777344933
0.677448269721
0.624375440241
0.607814696024
0.617077305103
0.613633030833
0.618738582123
0.571782246518
0.65762938174
0.515218549201
0.592718650638
0.61609704218
0.551200753538
0.601437070749
0.615229287991
0.619140084656
0.548344515624
0.574297519587
0.593578115847
0.58018033085
0.608936027785
0.606152175937
0.603351593792
0.614618020772
0.478923240028
0.630376970126
0.669652427867
0.598227826129
0.642207879731
0.621471502951
0.586372970679
0.598619108114
0.629558707087
0.617062846697
0.629633887469
0.596096900306
0.569549551101
0.613229404469
0.652991314952
0.555353632142
0.656434833168
0.638658184781
0.558433593755
0.6490351887
0.55241423137
0.634132229855
0.622371756124
0.460792125118
0.627017575635
0.582924227066
0.658764060758
0.636709607867
0.60278423852
0.624606367619
0.59078534224
0.557355690615
0.622601545379
0.637444646722
0.603044166922
0.57440352176
0.619996858565
0.660065143787
0.687116658886
0.640333710955
0.572114149532
0.59546963607
0.674614558664
0.60047632651
0.555589229169
0.594140470938
0.643801822918
0.668381955921
0.608198156806
0.567861110822
0.601039482027
0.588232910164
0.614467789227
0.596980327328
0.611102749311
0.617313209259
0.555052734351
0.632451109861
0.637151806291
0.606998222086
0.636998567836
0.629918633192
0.642100434253
0.610567543595
0.621433378263
0.609960045062
0.581341691588
0.604798913835
0.567877990137
0.657032784202
0.60797918567
0.624148645722
0.575429683547
0.584736571767
0.605046976244
0.588206759032
0.620678689451
0.61725282135
0.64951147557
0.566693791963
0.624840621899
0.602026581597
0.56041920695
0.591830276992
0.612011977674
0.561696231929
0.603303268366
0.520348583693
0.548939170226
0.643289150819
0.590410155836
0.588306907819
0.635874864935
0.622529249492
0.641579816112
0.591434632133
0.563193396919
0.628589829595
0.592604553544
0.622529249492
0.55555882857
0.531283478117
0.674667605456
0.664533252586
0.565370919843
0.621354768452
0.602690158596
0.589922821882
0.519680925376
0.614699553612
0.623819098625
0.607473118606
0.591442961445
0.587386977267
0.608376838897
0.585401946192
0.537246281463
0.614787591221
0.649071650531
0.652314086098
0.593395564822
0.646842937773
0.558919678882
0.593126684275
0.645792352032
0.597182505416
0.647164001114
0.582254739179
0.575887818054
0.48983261095
0.483084445269
0.613312804656
0.678774360243
0.54669159049
0.56109440442
0.622469450136
0.658878277856
0.61149852995
0.594439572425
0.627582124993
0.658495539483
0.642795769711
0.643824506081
0.596413270683
0.659508937331
0.624592916946
0.626211722442
0.609536721952
0.62947980162
0.651492976461
0.608762792757
0.558433593755
0.622717995586
0.614741054458
0.639309136048
0.696230179529
0.661354198095
0.665752302399
0.654506179901
0.628712707169
0.627076187405
0.553149667418
0.644427403339
0.55709487789
0.598337355312
0.62870792865
0.632209002414
0.566082195513
0.620509043306
0.638174987566
0.729091696222
0.553697446233
0.627475790965
0.603351593792
0.58886562402
0.603816323228
0.651435304422
0.602359773828
0.506322756628
0.607022879341
0.616041951212
0.649611200367
0.553100149612
0.668410217002
0.635482274294
0.551633782616
0.629323373309
0.613703542872
0.63031974588
0.609385282695
0.623427633137
0.556694418303
0.584614675663
0.622745589235
0.573254401217
0.512912063632
0.601984394535
0.622529545106
0.487899953165
0.625744831417
0.625411705708
0.664023125218
0.574667340942
0.581070478047
0.610407002063
0.655826754669
0.616363599406
0.632234236312
0.531462513951
0.583369174772
0.612647107953
0.575257808488
0.65131894345
0.60065323437
0.599262853408
0.598395965233
0.578592942417
0.639309136048
0.598588807804
0.545150437997
0.541420586284
0.638369124333
0.589898737857
0.633723002203
0.558928537488
0.571137921165
0.665306952453
0.620497906615
0.650717257846
0.606630994384
0.603915675346
0.588560452017
0.568388322599
0.508342507549
0.539677598372
0.572457809003
0.620509043306
0.59746672743
0.604704944388
0.577558627184
0.589297770012
0.597958266658
0.608362389281
0.633860785064
0.650741010966
0.653796587345
0.651399469089
0.617077061211
0.58595998995
0.6069331386
0.653913400346
0.630410426198
0.668327487422
0.588232910164
0.534949017291
0.656130162256
0.668129154794
0.57984531606
0.624994857071
0.584928761272
0.614699553612
0.595560686327
0.628553302551
0.706150475819
0.649677655373
0.65759861003
0.56820484616
0.638814005902
0.623466431766
0.617121674272
0.651847241092
0.570712151027
0.652165237075
0.585903392728
0.609144410613
0.614629620957
0.629788786285
0.646481817383
0.599202816145
0.569871388852
0.615761390942
0.699448582586
0.608762792757
0.623250188912
0.590149594155
0.657326181
0.540876605241
0.612805870536
0.64848461627
0.551922246561
0.651245197439
0.625220934938
0.572567526856
0.566152004583
0.56112175765
0.636668203585
0.574001246054
0.652574702186
0.561488304271
0.601685217998
0.612553655008
0.558001205641
0.581004237671
0.614540649569
0.602884640138
0.658801918764
0.641298088167
0.686726933361
0.595821871998
0.627414107139
0.631162183708
0.622032565946
0.671177333442
0.59928318216
0.549349272349
0.53980324522
0.545261009049
0.601583774548
0.610235288619
0.648424113728
0.603239753575
0.667852097715
0.670094292082
0.57319420473
0.638174987566
0.60385886685
0.588313778201
0.540467107355
0.618149460567
0.613441183363
0.523490085396
0.615564317164
0.647214361189
0.631492446426
0.638194662368
0.613266115149
0.593628088856
0.542229550086
0.585015826947
0.64793596629
0.637376847871
0.650274500517
0.649222063728
0.608607196507
0.60182318462
0.592256643343
0.603475289192
0.650416494609
0.649988053428
0.568574371886
0.633478474223
0.557728262951
0.573279132079
0.473553868309
0.577825830568
0.55229238727
0.656716657544
0.612435117609
0.581620978049
0.633054458889
0.631089224973
0.491302939795
0.624218073893
0.628249236364
0.583126522865
0.664601188081
0.621697906958
0.603478089941
0.598218048137
0.633498105203
0.6008012299
0.600725871705
0.59605808974
0.546297678124
0.65498446578
0.622032565946
0.625272750027
0.56731519199
0.647162828384
0.616201822476
0.489128715749
0.513799972138
0.610092000555
0.652321036804
0.636808434694
0.551831948311
0.576597095144
0.588265236885
0.632005530572
0.585654419973
0.642335948849
0.651492976461
0.560628969013
0.619737777148
0.637306834836
0.546283851563
0.560972455149
0.548691150286
0.637151806291
0.604321539393
0.64282822569
0.593478848801
0.614701102393
0.556762212922
0.579997023137
0.635887442317
0.669393638494
0.613312804656
0.625206994538
0.637276350848
0.545059170373
0.604145146759
0.598499409685
0.62863062424
0.613947588629
0.499050623676
0.583290793686
0.590310383112
0.58166561418
0.52604927517
0.614862419318
0.645235152293
0.628616895868
0.626557810919
0.610660809754
0.595281407437
0.615159762885
0.626462064987
0.590252450192
0.595958318918
0.623124593872
0.629663310729
0.613189799902
0.659508937331
0.595924334627
0.518966613423
0.48914573493
0.614699553612
0.607280760879
0.617870755422
0.551728497552
0.585627975197
0.638332363426
0.678617648277
0.626881566324
0.581289518161
0.650941396508
0.593412305896
0.587625781066
0.642203665686
0.631655668081
0.655325882948
0.629248051704
0.610720977622
0.658188903465
0.614699553612
0.545138494005
0.563970093134
0.545460290688
0.646115820555
0.597361452773
0.643082154392
0.582670483024
0.617174914795
0.660017615947
0.493338285608
0.589590482126
0.66454905428
0.66704774133
0.585489381301
0.620809854137
0.60180153621
0.568217885352
0.546869431906
0.53725025968
0.60205174743
0.558237755999
0.610475736181
0.588794620512
0.62680881925
0.602690158596
0.630779590195
0.684785821041
0.573102183147
0.671029316785
0.625710720014
